1.1E-03    3.876E-02  5.418E-01       2         1         1   
    1.2E-03    3.876E-02  5.734E-01       2         1         1   
    1.3E-03    4.034E-02  6.040E-01       2         1         1   
    1.4E-03    4.186E-02  6.336E-01       2         1         1   
    1.5E-03    4.333E-02  6.624E-01       2         1         1   
    1.6E-03    4.475E-02  6.905E-01       2         2         1   
    1.7E-03    4.613E-02  7.179E-01       2         2         1   
    1.8E-03    4.747E-02  7.446E-01       2         2         1   
      2E-03    5.004E-02  7.963E-01       2         2         1   
   2.25E-03    5.307E-02  8.581E-01       2         2         1   
2.49999E-03    5.594E-02  9.171E-01       2         2         1   
2.74999E-03    5.867E-02  9.736E-01       3         2         2   
2.99999E-03    6.128E-02  1.028E+00       3         2         2   
3.24999E-03    6.379E-02  1.081E+00       3         2         2   
3.49999E-03    6.619E-02  1.131E+00       3         2         2   
3.74999E-03    6.852E-02  1.181E+00       3         2         2   
3.99999E-03    7.076E-02  1.229E+00       3         2         2   
4.49999E-03    7.506E-02  1.321E+00       3         3         2   
4.99999E-03    7.912E-02  1.408E+00       3         3         2   
5.49999E-03    8.298E-02  1.492E+00       3         3         2   
5.99999E-03    8.667E-02  1.572E+00       4         3         2   
6.49999E-03    9.021E-02  1.650E+00       4         3         2   
6.99999E-03    9.361E-02  1.724E+00       4         3         2   
7.99999E-03    1.001E-01  1.867E+00       4         3         3   
8.99999E-03    1.061E-01  2.001E+00       4         3         3   
9.99999E-03    1.119E-01  2.128E+00       4         4         3   
10.9999E-03    1.173E-01  2.249E+00       4         4         3   
11.9999E-03    1.226E-01  2.365E+00       5         4         3   
12.9999E-03    1.276E-01  2.476E+00       5         4         3   
13.9999E-03    1.324E-01  2.583E+00       5         4         3   
14.9999E-03    1.370E-01  2.687E+00       5         4         3   
15.9999E-03    1.415E-01  2.787E+00       5         4         3   
16.9999E-03    1.459E-01  2.883E+00       5         4         3   
17.9999E-03    1.501E-01  2.977E+00       5         5         4   
19.9999E-03    1.582E-01  3.157E+00       6         5         4   
22.4999E-03    1.678E-01  3.369E+00       6         5         4   
24.9999E-03    1.769E-01  3.569E+00       6         5         4   
27.4999E-03    1.855E-01  3.759E+00       7         5         4   
29.9999E-03    1.938E-01  3.939E+00       7         6         4   
32.4999E-03    2.017E-01  4.111E+00       7         6         4   
34.9999E-03    2.093E-01  4.275E+00       7         6         5   
37.4999E-03    2.167E-01  4.434E+00       8         6         5   
39.9999E-03    2.238E-01  4.586E+00       8         6         5   
44.9999E-03    2.373E-01  4.875E+00       8         7         5   
49.9999E-03    2.502E-01  5.145E+00       9         7         5   
54.9999E-03    2.624E-01  5.400E+00       9         7         6   
59.9999E-03    2.741E-01  5.641E+00       9         8         6   
64.9999E-03    2.853E-01  5.870E+00      10         8         6   
69.9999E-03    2.960E-01  6.089E+00      10         8         6   
79.9999E-03    3.165E-01  6.498E+00      11         9         7   
89.9999E-03    3.357E-01  6.875E+00      11         9         7   
99.9999E-03    3.538E-01  7.226E+00      12        10         7   
    110E-03    3.711E-01  7.554E+00      13        10         8   
    120E-03    3.876E-01  7.862E+00      13        10         8   
    130E-03    4.034E-01  8.154E+00      14        11         8   
139.999E-03    4.186E-01  8.430E+00      14        11         8   
149.999E-03    4.333E-01  8.693E+00      15        12         9   
159.999E-03    4.475E-01  8.943E+00      15        12         9   
169.999E-03    4.613E-01  9.182E+00      16        12         9   
179.999E-03    4.747E-01  9.411E+00      16        13         9   
199.999E-03    5.004E-01  9.843E+00      17        13        10   
224.999E-03    5.307E-01  1.034E+01      18        14        10   
249.999E-03    5.594E-01  1.079E+01      19        15        11   
274.999E-03    5.867E-01  1.122E+01      20        16        11   
299.999E-03    6.128E-01  1.161E+01      21        16        12   
324.999E-03    6.379E-01  1.197E+01      22        17        12   
349.999E-03    6.619E-01  1.232E+01      23        18        13   
374.999E-03    6.852E-01  1.264E+01      24        18        13   
399.999E-03    7.076E-01  1.294E+01      25        19        14   
449.999E-03    7.506E-01  1.351E+01      27        20        14   
499.999E-03    7.912E-01  1.402E+01      29        21        15   
549.999E-03    8.298E-01  1.449E+01      30        22        16   
599.999E-03    8.667E-01  1.492E+01      32        23        17   
649.999E-03    9.021E-01  1.532E+01      34        24        17   
699.999E-03    9.361E-01  1.569E+01      35        25        18   
799.999E-03    1.001E+00  1.636E+01      38        27        20   
899.999E-03    1.061E+00  1.695E+01      41        29        21   
999.999E-03    1.119E+00  1.747E+01      44        31        22   
   1.10E+00   1.173E+00  1.795E+01      47        33        23   
   1.20E+00   1.226E+00  1.838E+01      50        34        25   
   1.30E+00   1.276E+00  1.877E+01      53        36        26   
   1.40E+00   1.324E+00  1.913E+01      55        38        27   
   1.50E+00   1.370E+00  1.946E+01      58        39        28   
   1.60E+00   1.415E+00  1.976E+01      61        41        29   
   1.70E+00   1.459E+00  2.005E+01      63        42        30   
   1.80E+00   1.501E+00  2.031E+01      66        44        31   
   2.00E+00   1.582E+00  2.079E+01      71        47        34   
   2.25E+00   1.678E+00  2.130E+01      77        50        36   
   2.50E+00   1.769E+00  2.174E+01      83        54        39   
   2.75E+00   1.855E+00  2.213E+01      89        57        41   
   3.00E+00   1.938E+00  2.246E+01      95        61        44   
   3.25E+00   2.017E+00  2.276E+01     101        64        46   
   3.50E+00   2.093E+00  2.302E+01     107        67        48   
   3.75E+00   2.167E+00  2.325E+01     113        70        51   
   4.00E+00   2.238E+00  2.346E+01     119        73        53   
   4.50E+00   2.373E+00  2.380E+01     130        80        57   
   5.00E+00   2.502E+00  2.408E+01     142        86        62   
   5.50E+00   2.624E+00  2.430E+01     153        92        66   
   6.00E+00   2.741E+00  2.448E+01     164        98        70   
   6.50E+00   2.853E+00  2.462E+01     176       104        74   
   7.00E+00   2.960E+00  2.473E+01     187       110        78   
   8.00E+00   3.165E+00  2.487E+01     209       121        86   
   9.00E+00   3.357E+00  2.494E+01     232       133        94   
  10.00E+00   3.538E+00  2.496E+01     254       144       102   
  11.00E+00   3.711E+00  2.494E+01     277       155       110   
  12.00E+00   3.876E+00  2.488E+01     299       167       117   
  13.00E+00   4.034E+00  2.480E+01     322       178       125   
  14.00E+00   4.186E+00  2.470E+01     345       189       133   
  15.00E+00   4.333E+00  2.459E+01     368       200       140   
  16.00E+00   4.476E+00  2.446E+01     391       211       147   
  17.00E+00   4.613E+00  2.433E+01     414       222       155   
  18.00E+00   4.747E+00  2.418E+01     437       233       162   
  20.00E+00   5.004E+00  2.389E+01     484       255       177   
  22.50E+00   5.307E+00  2.350E+01     543       282       196   
  25.00E+00   5.594E+00  2.310E+01     603       309       214   
  27.50E+00   5.867E+00  2.271E+01     663       336       232   
  30.00E+00   6.128E+00  2.232E+01     725       363       251   
  32.50E+00   6.379E+00  2.194E+01     787       389       269   
  35.00E+00   6.619E+00  2.157E+01     850       416       288   
  37.50E+00   6.852E+00  2.120E+01     913       443       307   
  40.00E+00   7.077E+00  2.085E+01     977       469       325   
  45.00E+00   7.506E+00  2.018E+01    1107       522       363   
  50.00E+00   8.569E+00  1.955E+01    1238       572       401   
  55.00E+00   9.332E+00  1.897E+01    1368       621       440   
  60.00E+00   9.792E+00  1.842E+01    1499       669       478   
  65.00E+00   1.009E+01  1.791E+01    1632       717       516   
  70.00E+00   1.030E+01  1.742E+01    1767       765       554   
  80.00E+00   1.066E+01  1.655E+01    2044       862       628   
  90.00E+00   1.104E+01  1.576E+01    2329       958       704   
 100.00E+00   1.151E+01  1.507E+01    2621      1053       779   
 110.00E+00   1.206E+01  1.444E+01    2916      1146       856   
 120.00E+00   1.267E+01  1.386E+01    3213      1236       933   
 130.00E+00   1.334E+01  1.335E+01    3511      1323      1010   
 140.00E+00   1.406E+01  1.287E+01    3809      1408      1087   
 150.00E+00   1.480E+01  1.243E+01    4106      1489      1163   
 160.00E+00   1.557E+01  1.203E+01    4400      1567      1239   
 170.00E+00   1.635E+01  1.165E+01    4692      1642      1313   
 180.00E+00   1.714E+01  1.131E+01    4981      1713      1386   
 200.00E+00   1.874E+01  1.068E+01    5549      1848      1527   
 225.00E+00   2.074E+01  1.000E+01    6240      2002      1694   
 250.00E+00   2.272E+01  9.418E+00    6907      2140      1851   
 275.00E+00   2.465E+01  8.908E+00    7553      2266      1997   
 300.00E+00   2.654E+01  8.458E+00    8177      2379      2134   
 325.00E+00   2.838E+01  8.058E+00    8781      2483      2262   
 350.00E+00   3.016E+01  7.699E+00    9367      2578      2382   
 375.00E+00   3.190E+01  7.375E+00    9934      2665      2495   
 400.00E+00   3.359E+01  7.081E+00    1.05     2745      2600   
 450.00E+00   3.681E+01  6.567E+00    1.15     2889      2794   
 500.00E+00   3.983E+01  6.132E+00    1.26     3014      2968   
 550.00E+00   4.268E+01  5.757E+00    1.35     3123      3125   
 600.00E+00   4.537E+01  5.432E+00    1.44     3220      3267   
 650.00E+00   4.794E+01  5.145E+00    1.53     3307      3397   
 700.00E+00   5.041E+01  4.891E+00    1.62     3384      3517   
 800.00E+00   5.524E+01  4.459E+00    1.78     3521      3730   
 900.00E+00   6.007E+01  4.105E+00    1.93     3635      3914   
   1.00E+03   6.503E+01  3.809E+00    2.07     3731      4074   
