1.1E-03    7.088E-02  6.212E-01       2         1         1   
    1.2E-03    7.088E-02  6.584E-01       2         1         1   
    1.3E-03    7.377E-02  6.944E-01       2         1         1   
    1.4E-03    7.656E-02  7.295E-01       2         1         1   
    1.5E-03    7.925E-02  7.636E-01       2         1         1   
    1.6E-03    8.184E-02  7.969E-01       2         1         1   
    1.7E-03    8.436E-02  8.294E-01       2         1         1   
    1.8E-03    8.681E-02  8.612E-01       2         1         1   
      2E-03    9.150E-02  9.228E-01       2         1         1   
   2.25E-03    9.706E-02  9.966E-01       3         2         1   
2.49999E-03    1.023E-01  1.067E+00       3         2         1   
2.74999E-03    1.073E-01  1.135E+00       3         2         1   
2.99999E-03    1.121E-01  1.201E+00       3         2         1   
3.24999E-03    1.166E-01  1.264E+00       3         2         1   
3.49999E-03    1.210E-01  1.326E+00       3         2         1   
3.74999E-03    1.253E-01  1.386E+00       3         2         1   
3.99999E-03    1.294E-01  1.444E+00       3         2         2   
4.49999E-03    1.373E-01  1.556E+00       3         2         2   
4.99999E-03    1.447E-01  1.663E+00       3         2         2   
5.49999E-03    1.517E-01  1.765E+00       4         2         2   
5.99999E-03    1.585E-01  1.864E+00       4         2         2   
6.49999E-03    1.650E-01  1.959E+00       4         3         2   
6.99999E-03    1.712E-01  2.051E+00       4         3         2   
7.99999E-03    1.830E-01  2.228E+00       4         3         2   
8.99999E-03    1.941E-01  2.395E+00       4         3         2   
9.99999E-03    2.046E-01  2.553E+00       5         3         2   
10.9999E-03    2.146E-01  2.705E+00       5         3         2   
11.9999E-03    2.241E-01  2.851E+00       5         3         2   
12.9999E-03    2.333E-01  2.991E+00       5         3         3   
13.9999E-03    2.421E-01  3.127E+00       5         4         3   
14.9999E-03    2.506E-01  3.258E+00       5         4         3   
15.9999E-03    2.588E-01  3.385E+00       5         4         3   
16.9999E-03    2.668E-01  3.508E+00       6         4         3   
17.9999E-03    2.745E-01  3.628E+00       6         4         3   
19.9999E-03    2.894E-01  3.859E+00       6         4         3   
22.4999E-03    3.069E-01  4.132E+00       6         4         3   
24.9999E-03    3.235E-01  4.391E+00       7         5         3   
27.4999E-03    3.393E-01  4.638E+00       7         5         3   
29.9999E-03    3.544E-01  4.873E+00       7         5         4   
32.4999E-03    3.689E-01  5.099E+00       7         5         4   
34.9999E-03    3.828E-01  5.316E+00       7         5         4   
37.4999E-03    3.962E-01  5.525E+00       8         5         4   
39.9999E-03    4.092E-01  5.727E+00       8         5         4   
44.9999E-03    4.340E-01  6.112E+00       8         6         4   
49.9999E-03    4.575E-01  6.474E+00       9         6         4   
54.9999E-03    4.799E-01  6.818E+00       9         6         5   
59.9999E-03    5.012E-01  7.145E+00       9         7         5   
64.9999E-03    5.217E-01  7.457E+00      10         7         5   
69.9999E-03    5.413E-01  7.756E+00      10         7         5   
79.9999E-03    5.787E-01  8.320E+00      11         7         5   
89.9999E-03    6.138E-01  8.844E+00      11         8         6   
99.9999E-03    6.470E-01  9.335E+00      12         8         6   
    110E-03    6.786E-01  9.798E+00      12         8         6   
    120E-03    7.088E-01  1.024E+01      13         9         6   
    130E-03    7.377E-01  1.065E+01      13         9         6   
139.999E-03    7.656E-01  1.105E+01      14         9         7   
149.999E-03    7.925E-01  1.143E+01      14        10         7   
159.999E-03    8.184E-01  1.179E+01      15        10         7   
169.999E-03    8.436E-01  1.214E+01      15        10         7   
179.999E-03    8.681E-01  1.248E+01      15        10         7   
199.999E-03    9.150E-01  1.311E+01      16        11         8   
224.999E-03    9.706E-01  1.385E+01      17        11         8   
249.999E-03    1.023E+00  1.454E+01      18        12         9   
274.999E-03    1.073E+00  1.518E+01      19        13         9   
299.999E-03    1.121E+00  1.578E+01      20        13         9   
324.999E-03    1.166E+00  1.634E+01      21        14        10   
349.999E-03    1.210E+00  1.688E+01      21        14        10   
374.999E-03    1.253E+00  1.739E+01      22        14        10   
399.999E-03    1.294E+00  1.787E+01      23        15        11   
449.999E-03    1.373E+00  1.877E+01      24        16        11   
499.999E-03    1.447E+00  1.960E+01      26        16        12   
549.999E-03    1.517E+00  2.036E+01      27        17        12   
599.999E-03    1.585E+00  2.107E+01      28        18        13   
649.999E-03    1.650E+00  2.174E+01      30        19        13   
699.999E-03    1.712E+00  2.236E+01      31        19        14   
799.999E-03    1.830E+00  2.351E+01      33        21        15   
899.999E-03    1.941E+00  2.453E+01      36        22        16   
999.999E-03    2.046E+00  2.546E+01      38        23        17   
   1.10E+00   2.146E+00  2.632E+01      40        24        17   
   1.20E+00   2.241E+00  2.710E+01      42        25        18   
   1.30E+00   2.333E+00  2.782E+01      44        26        19   
   1.40E+00   2.421E+00  2.850E+01      46        27        20   
   1.50E+00   2.506E+00  2.912E+01      48        28        20   
   1.60E+00   2.588E+00  2.971E+01      50        29        21   
   1.70E+00   2.668E+00  3.027E+01      52        30        22   
   1.80E+00   2.745E+00  3.079E+01      54        31        23   
   2.00E+00   2.894E+00  3.174E+01      58        33        24   
   2.25E+00   3.069E+00  3.281E+01      62        35        26   
   2.50E+00   3.235E+00  3.375E+01      67        37        27   
   2.75E+00   3.393E+00  3.460E+01      71        39        29   
   3.00E+00   3.544E+00  3.536E+01      75        41        30   
   3.25E+00   3.689E+00  3.605E+01      79        43        32   
   3.50E+00   3.828E+00  3.667E+01      83        45        33   
   3.75E+00   3.962E+00  3.725E+01      87        47        34   
   4.00E+00   4.092E+00  3.778E+01      91        49        36   
   4.50E+00   4.340E+00  3.871E+01      99        53        38   
   5.00E+00   4.575E+00  3.952E+01     107        56        41   
   5.50E+00   4.799E+00  4.022E+01     114        59        43   
   6.00E+00   5.012E+00  4.083E+01     122        63        46   
   6.50E+00   5.217E+00  4.137E+01     129        66        48   
   7.00E+00   5.414E+00  4.185E+01     136        69        51   
   8.00E+00   5.787E+00  4.264E+01     151        76        55   
   9.00E+00   6.138E+00  4.327E+01     165        82        60   
  10.00E+00   6.470E+00  4.378E+01     179        88        64   
  11.00E+00   6.786E+00  4.418E+01     193        94        68   
  12.00E+00   7.088E+00  4.451E+01     206       100        72   
  13.00E+00   7.377E+00  4.476E+01     220       105        77   
  14.00E+00   7.656E+00  4.496E+01     234       111        81   
  15.00E+00   7.925E+00  4.512E+01     247       117        85   
  16.00E+00   8.184E+00  4.523E+01     261       122        89   
  17.00E+00   8.436E+00  4.531E+01     274       128        92   
  18.00E+00   8.681E+00  4.536E+01     288       133        96   
  20.00E+00   9.151E+00  4.540E+01     314       144       104   
  22.50E+00   9.706E+00  4.534E+01     348       157       113   
  25.00E+00   1.023E+01  4.519E+01     381       170       122   
  27.50E+00   1.073E+01  4.498E+01     415       183       132   
  30.00E+00   1.121E+01  4.473E+01     448       196       140   
  32.50E+00   1.166E+01  4.444E+01     482       209       149   
  35.00E+00   1.211E+01  4.413E+01     515       222       158   
  37.50E+00   1.253E+01  4.380E+01     549       234       167   
  40.00E+00   1.294E+01  4.346E+01     583       247       176   
  45.00E+00   1.373E+01  4.276E+01     651       271       193   
  50.00E+00   1.447E+01  4.204E+01     719       296       210   
  55.00E+00   1.517E+01  4.132E+01     788       320       227   
  60.00E+00   1.585E+01  4.062E+01     858       344       244   
  65.00E+00   1.650E+01  3.992E+01     928       367       260   
  70.00E+00   1.715E+01  3.924E+01     998       390       277   
  80.00E+00   2.111E+01  3.795E+01    1136       434       311   
  90.00E+00   2.301E+01  3.673E+01    1271       475       344   
 100.00E+00   2.383E+01  3.559E+01    1407       515       377   
 110.00E+00   2.415E+01  3.452E+01    1545       555       408   
 120.00E+00   2.426E+01  3.352E+01    1686       595       439   
 130.00E+00   2.433E+01  3.259E+01    1831       636       470   
 140.00E+00   2.440E+01  3.171E+01    1978       676       501   
 150.00E+00   2.453E+01  3.088E+01    2128       717       531   
 160.00E+00   2.472E+01  3.011E+01    2281       758       562   
 170.00E+00   2.496E+01  2.938E+01    2435       799       594   
 180.00E+00   2.526E+01  2.869E+01    2592       840       625   
 200.00E+00   2.599E+01  2.741E+01    2909       920       689   
 225.00E+00   2.714E+01  2.600E+01    3310      1018       769   
 250.00E+00   2.846E+01  2.474E+01    3715      1112       850   
 275.00E+00   2.992E+01  2.363E+01    4121      1202       931   
 300.00E+00   3.148E+01  2.262E+01    4524      1289      1012   
 325.00E+00   3.312E+01  2.171E+01    4925      1371      1092   
 350.00E+00   3.482E+01  2.088E+01    5322      1449      1170   
 375.00E+00   3.656E+01  2.013E+01    5713      1523      1247   
 400.00E+00   3.833E+01  1.943E+01    6099      1593      1322   
 450.00E+00   4.192E+01  1.820E+01    6853      1723      1466   
 500.00E+00   4.551E+01  1.713E+01    7582      1840      1602   
 550.00E+00   4.907E+01  1.620E+01    8285      1946      1729   
 600.00E+00   5.256E+01  1.539E+01    8965      2041      1848   
 650.00E+00   5.595E+01  1.466E+01    9622      2128      1960   
 700.00E+00   5.923E+01  1.400E+01    1.03     2207      2065   
 800.00E+00   6.540E+01  1.288E+01    1.15     2349      2256   
 900.00E+00   7.107E+01  1.194E+01    1.26     2470      2426   
   1.00E+03   7.631E+01  1.115E+01    1.37     2575      2579   
