3.000000000000000000e+01 2.851432666441722219e+01 1.106329507824304947e+01
6.000000000000000000e+01 5.827175409864776867e+01 2.106080420348291327e+01
9.000000000000000000e+01 8.826803873512405119e+01 3.136466758393829934e+01
1.200000000000000000e+02 1.197685556947953387e+02 3.858005733485109090e+01
1.500000000000000000e+02 1.502741580499848055e+02 5.010615764621803692e+01
1.800000000000000000e+02 1.801859242358817994e+02 5.653398275763009195e+01
2.100000000000000000e+02 2.151141145649094710e+02 6.667171225352396391e+01
2.400000000000000000e+02 2.303584818934382099e+02 6.752227768636959127e+01
2.700000000000000000e+02 2.632286209042867426e+02 7.572919870433975120e+01
3.000000000000000000e+02 2.889167877342606516e+02 8.017530664518437789e+01
3.300000000000000000e+02 3.245674622362767536e+02 9.793926477214370152e+01
3.600000000000000000e+02 3.803340801859494036e+02 9.167567901079922876e+01
3.900000000000000000e+02 4.252368081067579624e+02 7.455338565410507101e+01
4.200000000000000000e+02 3.500030508159618989e+02 1.324869205234147103e+02
4.500000000000000000e+02 4.893802674593654274e+02 1.134914047456087332e+02
4.800000000000000000e+02 5.101534689780205554e+02 1.142543270550057315e+02
5.100000000000000000e+02 5.169624448901829510e+02 1.019326476112570816e+02
5.400000000000000000e+02 5.801931682739993903e+02 1.066239799436236382e+02
5.700000000000000000e+02 4.784788649939175684e+02 1.201271987932937151e+02
6.000000000000000000e+02 5.991433239581110684e+02 8.566760418889316497e-01
6.300000000000000000e+02 7.294215768124577153e+02 9.942157681245771528e+01
6.600000000000000000e+02 8.292442756950916873e+02 1.692442756950916873e+02
6.900000000000000000e+02 8.224630909540494486e+02 1.324630909540494486e+02
7.200000000000000000e+02 nan 0.000000000000000000e+00
7.500000000000000000e+02 nan 0.000000000000000000e+00
7.800000000000000000e+02 nan 0.000000000000000000e+00
8.100000000000000000e+02 nan 0.000000000000000000e+00
8.400000000000000000e+02 nan 0.000000000000000000e+00
8.700000000000000000e+02 nan 0.000000000000000000e+00
9.000000000000000000e+02 nan 0.000000000000000000e+00
9.300000000000000000e+02 nan 0.000000000000000000e+00
9.600000000000000000e+02 nan 0.000000000000000000e+00
0.000000000000000000e+00 0.000000000000000000e+00 0.000000000000000000e+00
