3.000000000000000000e+01 2.852715544431988448e+01 1.108914826984966062e+01
6.000000000000000000e+01 5.945314546635894715e+01 2.281807997786645004e+01
9.000000000000000000e+01 9.530105061577772574e+01 2.289330850556906682e+01
1.200000000000000000e+02 1.533864029162274960e+02 3.338640291622749601e+01
1.500000000000000000e+02 1.787645536150270118e+02 2.876455361502701180e+01
1.800000000000000000e+02 2.114610990160901451e+02 3.146109901609014514e+01
2.100000000000000000e+02 5.582478574573974583e+01 1.541752142542602542e+02
2.400000000000000000e+02 1.482993325233303779e+02 9.170066747666962215e+01
2.700000000000000000e+02 nan 0.000000000000000000e+00
3.000000000000000000e+02 nan 0.000000000000000000e+00
3.300000000000000000e+02 nan 0.000000000000000000e+00
3.600000000000000000e+02 nan 0.000000000000000000e+00
3.900000000000000000e+02 nan 0.000000000000000000e+00
4.200000000000000000e+02 nan 0.000000000000000000e+00
4.500000000000000000e+02 nan 0.000000000000000000e+00
4.800000000000000000e+02 nan 0.000000000000000000e+00
5.100000000000000000e+02 nan 0.000000000000000000e+00
5.400000000000000000e+02 nan 0.000000000000000000e+00
5.700000000000000000e+02 nan 0.000000000000000000e+00
6.000000000000000000e+02 nan 0.000000000000000000e+00
6.300000000000000000e+02 nan 0.000000000000000000e+00
6.600000000000000000e+02 nan 0.000000000000000000e+00
6.900000000000000000e+02 nan 0.000000000000000000e+00
7.200000000000000000e+02 nan 0.000000000000000000e+00
7.500000000000000000e+02 nan 0.000000000000000000e+00
7.800000000000000000e+02 nan 0.000000000000000000e+00
8.100000000000000000e+02 nan 0.000000000000000000e+00
8.400000000000000000e+02 nan 0.000000000000000000e+00
8.700000000000000000e+02 nan 0.000000000000000000e+00
9.000000000000000000e+02 nan 0.000000000000000000e+00
9.300000000000000000e+02 nan 0.000000000000000000e+00
9.600000000000000000e+02 nan 0.000000000000000000e+00
0.000000000000000000e+00 0.000000000000000000e+00 0.000000000000000000e+00
