3.000000000000000000e+01 2.838726560384086639e+01 1.093689476390688320e+01
6.000000000000000000e+01 5.840689458754318508e+01 2.159500149344389897e+01
9.000000000000000000e+01 8.805230374292771955e+01 3.135777905489885242e+01
1.200000000000000000e+02 1.183491949743214633e+02 4.074360934475337359e+01
1.500000000000000000e+02 1.500289434095785168e+02 4.986048633205228242e+01
1.800000000000000000e+02 1.784597514066397537e+02 5.870367423550131036e+01
2.100000000000000000e+02 2.126625219227256309e+02 6.635082851374033908e+01
2.400000000000000000e+02 2.331460663130146429e+02 7.571388809869544900e+01
2.700000000000000000e+02 2.564319906236735278e+02 9.304020937892927634e+01
3.000000000000000000e+02 2.941450103894823656e+02 7.811591362789586412e+01
3.300000000000000000e+02 2.921196593171586073e+02 8.616535122443234229e+01
3.600000000000000000e+02 3.605397294664807646e+02 9.247884103979889403e+01
3.900000000000000000e+02 4.099087434440718312e+02 8.036195974745967874e+01
4.200000000000000000e+02 4.374573361661142599e+02 1.867509494314676388e+01
4.500000000000000000e+02 4.147462502242932487e+02 3.525374977570675128e+01
4.800000000000000000e+02 nan 0.000000000000000000e+00
5.100000000000000000e+02 nan 0.000000000000000000e+00
5.400000000000000000e+02 nan 0.000000000000000000e+00
5.700000000000000000e+02 nan 0.000000000000000000e+00
6.000000000000000000e+02 nan 0.000000000000000000e+00
6.300000000000000000e+02 nan 0.000000000000000000e+00
6.600000000000000000e+02 nan 0.000000000000000000e+00
6.900000000000000000e+02 nan 0.000000000000000000e+00
7.200000000000000000e+02 nan 0.000000000000000000e+00
7.500000000000000000e+02 nan 0.000000000000000000e+00
7.800000000000000000e+02 nan 0.000000000000000000e+00
8.100000000000000000e+02 nan 0.000000000000000000e+00
8.400000000000000000e+02 nan 0.000000000000000000e+00
8.700000000000000000e+02 nan 0.000000000000000000e+00
9.000000000000000000e+02 nan 0.000000000000000000e+00
9.300000000000000000e+02 nan 0.000000000000000000e+00
9.600000000000000000e+02 nan 0.000000000000000000e+00
0.000000000000000000e+00 0.000000000000000000e+00 0.000000000000000000e+00
