3.000000000000000000e+01 2.848175336220565512e+01 1.105957386067240122e+01
6.000000000000000000e+01 5.788741180879215875e+01 2.093852486754354914e+01
9.000000000000000000e+01 8.811554513971215385e+01 3.124593766825166341e+01
1.200000000000000000e+02 1.187699569703435856e+02 4.102551425652314521e+01
1.500000000000000000e+02 1.461272116259621043e+02 4.936538883268126909e+01
1.800000000000000000e+02 1.781237828870240776e+02 5.856442934520448773e+01
2.100000000000000000e+02 2.069156855330283804e+02 6.728189251282347527e+01
2.400000000000000000e+02 2.345116625029035617e+02 7.179604699560219672e+01
2.700000000000000000e+02 2.669010838329662647e+02 7.545647326875028682e+01
3.000000000000000000e+02 2.912518693116759891e+02 8.614174831278923250e+01
3.300000000000000000e+02 3.243435077476505626e+02 9.349764521330706657e+01
3.600000000000000000e+02 3.667343283968301080e+02 7.585102229897201198e+01
3.900000000000000000e+02 4.208645413855184074e+02 1.113162131648354745e+02
4.200000000000000000e+02 3.849659882560533788e+02 9.360519874908970905e+01
4.500000000000000000e+02 4.021255282590332740e+02 9.840293536582376532e+01
4.800000000000000000e+02 4.660961447417695922e+02 6.162176763743932639e+01
5.100000000000000000e+02 5.324347907376712783e+02 1.465554534928821511e+02
5.400000000000000000e+02 4.947131126053844810e+02 1.653509359389017845e+02
5.700000000000000000e+02 6.637208103956264722e+02 9.790200625904842013e+01
6.000000000000000000e+02 6.819132735543862509e+02 1.559147250542951610e+02
6.300000000000000000e+02 5.423525819015327443e+02 2.202231836192420928e+02
6.600000000000000000e+02 6.642844137771028272e+02 4.284413777102827225e+00
6.900000000000000000e+02 8.438795105584191560e+02 1.538795105584191560e+02
7.200000000000000000e+02 nan 0.000000000000000000e+00
7.500000000000000000e+02 nan 0.000000000000000000e+00
7.800000000000000000e+02 nan 0.000000000000000000e+00
8.100000000000000000e+02 nan 0.000000000000000000e+00
8.400000000000000000e+02 nan 0.000000000000000000e+00
8.700000000000000000e+02 nan 0.000000000000000000e+00
9.000000000000000000e+02 nan 0.000000000000000000e+00
9.300000000000000000e+02 nan 0.000000000000000000e+00
9.600000000000000000e+02 nan 0.000000000000000000e+00
0.000000000000000000e+00 0.000000000000000000e+00 0.000000000000000000e+00
