3.000000000000000000e+01 2.858417446674936357e+01 1.089908456746814380e+01
6.000000000000000000e+01 5.852222455071466811e+01 2.138942782302316559e+01
9.000000000000000000e+01 8.767408759217045144e+01 3.095577433515851240e+01
1.200000000000000000e+02 1.196754778236363990e+02 4.080595082361531212e+01
1.500000000000000000e+02 1.492606796568694278e+02 4.768933323760277432e+01
1.800000000000000000e+02 1.770708215551441924e+02 5.830680532253963122e+01
2.100000000000000000e+02 2.073894360474380960e+02 6.348925830463286957e+01
2.400000000000000000e+02 2.405072970428647352e+02 7.499884012172857695e+01
2.700000000000000000e+02 2.738094983020811810e+02 8.040105957460328057e+01
3.000000000000000000e+02 2.975940907494267549e+02 8.133289862669772674e+01
3.300000000000000000e+02 3.289697792099806293e+02 8.842102543158557637e+01
3.600000000000000000e+02 3.541588952942271362e+02 1.307694121351361503e+02
3.900000000000000000e+02 3.874278107139033409e+02 1.005714104545020575e+02
4.200000000000000000e+02 4.253819619275782316e+02 1.017870308466931135e+02
4.500000000000000000e+02 4.473243808200939498e+02 1.039506005652968526e+02
4.800000000000000000e+02 4.441292561980752112e+02 1.287780163620888914e+02
5.100000000000000000e+02 5.390961634471957495e+02 9.650881269136709761e+01
5.400000000000000000e+02 4.619696716683006343e+02 1.232159971523320507e+02
5.700000000000000000e+02 5.977484991525210489e+02 1.450051250127382332e+02
6.000000000000000000e+02 3.655563684215464946e+02 2.344743320475696748e+02
6.300000000000000000e+02 6.795212235548774515e+02 5.739613668366332178e+01
6.600000000000000000e+02 2.402233978615710441e+02 4.197766021384289843e+02
6.900000000000000000e+02 3.758335979990001192e+02 3.141664020009998808e+02
7.200000000000000000e+02 nan 0.000000000000000000e+00
7.500000000000000000e+02 nan 0.000000000000000000e+00
7.800000000000000000e+02 nan 0.000000000000000000e+00
8.100000000000000000e+02 nan 0.000000000000000000e+00
8.400000000000000000e+02 nan 0.000000000000000000e+00
8.700000000000000000e+02 nan 0.000000000000000000e+00
9.000000000000000000e+02 nan 0.000000000000000000e+00
9.300000000000000000e+02 nan 0.000000000000000000e+00
9.600000000000000000e+02 nan 0.000000000000000000e+00
0.000000000000000000e+00 0.000000000000000000e+00 0.000000000000000000e+00
