3.000000000000000000e+01 2.854056055615977883e+01 1.110809283162464034e+01
6.000000000000000000e+01 5.817757844822293833e+01 2.206763517312334955e+01
9.000000000000000000e+01 8.829572585263305484e+01 3.231323501906679496e+01
1.200000000000000000e+02 1.142661050188355034e+02 4.259586838035194489e+01
1.500000000000000000e+02 1.459257094772611651e+02 5.292586461105059215e+01
1.800000000000000000e+02 1.844119772008278915e+02 6.053246676546402227e+01
2.100000000000000000e+02 1.967114847418728516e+02 6.876092531136409036e+01
2.400000000000000000e+02 nan 0.000000000000000000e+00
2.700000000000000000e+02 nan 0.000000000000000000e+00
3.000000000000000000e+02 nan 0.000000000000000000e+00
3.300000000000000000e+02 nan 0.000000000000000000e+00
3.600000000000000000e+02 nan 0.000000000000000000e+00
3.900000000000000000e+02 nan 0.000000000000000000e+00
4.200000000000000000e+02 nan 0.000000000000000000e+00
4.500000000000000000e+02 nan 0.000000000000000000e+00
4.800000000000000000e+02 nan 0.000000000000000000e+00
5.100000000000000000e+02 nan 0.000000000000000000e+00
5.400000000000000000e+02 nan 0.000000000000000000e+00
5.700000000000000000e+02 nan 0.000000000000000000e+00
6.000000000000000000e+02 nan 0.000000000000000000e+00
6.300000000000000000e+02 nan 0.000000000000000000e+00
6.600000000000000000e+02 nan 0.000000000000000000e+00
6.900000000000000000e+02 nan 0.000000000000000000e+00
7.200000000000000000e+02 nan 0.000000000000000000e+00
7.500000000000000000e+02 nan 0.000000000000000000e+00
7.800000000000000000e+02 nan 0.000000000000000000e+00
8.100000000000000000e+02 nan 0.000000000000000000e+00
8.400000000000000000e+02 nan 0.000000000000000000e+00
8.700000000000000000e+02 nan 0.000000000000000000e+00
9.000000000000000000e+02 nan 0.000000000000000000e+00
9.300000000000000000e+02 nan 0.000000000000000000e+00
9.600000000000000000e+02 nan 0.000000000000000000e+00
0.000000000000000000e+00 0.000000000000000000e+00 0.000000000000000000e+00
