3.000000000000000000e+01 2.850319927073811854e+01 1.106807713800425219e+01
6.000000000000000000e+01 5.922465698949824287e+01 2.208675627104732797e+01
9.000000000000000000e+01 9.146233944947191219e+01 3.268887504890096096e+01
1.200000000000000000e+02 nan 0.000000000000000000e+00
1.500000000000000000e+02 nan 0.000000000000000000e+00
1.800000000000000000e+02 nan 0.000000000000000000e+00
2.100000000000000000e+02 nan 0.000000000000000000e+00
2.400000000000000000e+02 nan 0.000000000000000000e+00
2.700000000000000000e+02 nan 0.000000000000000000e+00
3.000000000000000000e+02 nan 0.000000000000000000e+00
3.300000000000000000e+02 nan 0.000000000000000000e+00
3.600000000000000000e+02 nan 0.000000000000000000e+00
3.900000000000000000e+02 nan 0.000000000000000000e+00
4.200000000000000000e+02 nan 0.000000000000000000e+00
4.500000000000000000e+02 nan 0.000000000000000000e+00
4.800000000000000000e+02 nan 0.000000000000000000e+00
5.100000000000000000e+02 nan 0.000000000000000000e+00
5.400000000000000000e+02 nan 0.000000000000000000e+00
5.700000000000000000e+02 nan 0.000000000000000000e+00
6.000000000000000000e+02 nan 0.000000000000000000e+00
6.300000000000000000e+02 nan 0.000000000000000000e+00
6.600000000000000000e+02 nan 0.000000000000000000e+00
6.900000000000000000e+02 nan 0.000000000000000000e+00
7.200000000000000000e+02 nan 0.000000000000000000e+00
7.500000000000000000e+02 nan 0.000000000000000000e+00
7.800000000000000000e+02 nan 0.000000000000000000e+00
8.100000000000000000e+02 nan 0.000000000000000000e+00
8.400000000000000000e+02 nan 0.000000000000000000e+00
8.700000000000000000e+02 nan 0.000000000000000000e+00
9.000000000000000000e+02 nan 0.000000000000000000e+00
9.300000000000000000e+02 nan 0.000000000000000000e+00
9.600000000000000000e+02 nan 0.000000000000000000e+00
0.000000000000000000e+00 0.000000000000000000e+00 0.000000000000000000e+00
