3.000000000000000000e+01 2.836910284296758178e+01 1.087692018817461914e+01
6.000000000000000000e+01 5.821071755320182461e+01 2.156117211287764590e+01
9.000000000000000000e+01 8.839419014162949395e+01 3.127100480426634732e+01
1.200000000000000000e+02 1.182490318087897094e+02 4.086875306569847766e+01
1.500000000000000000e+02 1.472345247207695991e+02 5.021892631617699720e+01
1.800000000000000000e+02 1.780525645450501599e+02 5.711753357857087110e+01
2.100000000000000000e+02 2.047998599442580883e+02 6.428157034135018932e+01
2.400000000000000000e+02 2.399466289256066034e+02 7.458832106307846743e+01
2.700000000000000000e+02 2.670810371463600177e+02 7.767953645228058690e+01
3.000000000000000000e+02 3.009863102789785216e+02 8.233904132148961708e+01
3.300000000000000000e+02 3.253752746787545789e+02 9.115414936969384030e+01
3.600000000000000000e+02 3.445116679638974801e+02 1.065125165833808296e+02
3.900000000000000000e+02 4.153291994942139809e+02 9.746633261727839681e+01
4.200000000000000000e+02 3.836709345090275178e+02 1.246404621456280637e+02
4.500000000000000000e+02 5.487374794563830847e+02 1.416988845816671301e+02
4.800000000000000000e+02 4.660702807334440081e+02 1.224192111056295573e+02
5.100000000000000000e+02 4.997651508457453247e+02 8.605705936601412986e+01
5.400000000000000000e+02 4.609929151124616737e+02 1.437748994915866660e+02
5.700000000000000000e+02 6.555639783536666982e+02 8.556397835366669824e+01
6.000000000000000000e+02 5.971815216240009931e+02 2.818478375999006857e+00
6.300000000000000000e+02 nan 0.000000000000000000e+00
6.600000000000000000e+02 nan 0.000000000000000000e+00
6.900000000000000000e+02 nan 0.000000000000000000e+00
7.200000000000000000e+02 nan 0.000000000000000000e+00
7.500000000000000000e+02 nan 0.000000000000000000e+00
7.800000000000000000e+02 nan 0.000000000000000000e+00
8.100000000000000000e+02 nan 0.000000000000000000e+00
8.400000000000000000e+02 nan 0.000000000000000000e+00
8.700000000000000000e+02 nan 0.000000000000000000e+00
9.000000000000000000e+02 nan 0.000000000000000000e+00
9.300000000000000000e+02 nan 0.000000000000000000e+00
9.600000000000000000e+02 nan 0.000000000000000000e+00
0.000000000000000000e+00 0.000000000000000000e+00 0.000000000000000000e+00
