2.105381576955423974e-41 1.500000000000000000e+00 7.500000000000000000e+00 1.499851000000000000e+06 4.999500000000000000e+05
8.456413030847120363e-44 1.500000000000000000e+00 7.500000000000000000e+00 1.499851000000000000e+06 4.999500000000000000e+05
1.195990831890317487e-44 1.500000000000000000e+00 7.500000000000000000e+00 1.499851000000000000e+06 4.999500000000000000e+05
3.707612930354220493e-46 1.650000000000000000e+01 2.250000000000000000e+01 7.900000000000000000e+01 2.600000000000000000e+01
5.499539536936154879e-48 1.950000000000000000e+01 2.550000000000000000e+01 1.900000000000000000e+01 6.000000000000000000e+00
5.363083203147066107e-49 1.950000000000000000e+01 2.550000000000000000e+01 1.900000000000000000e+01 6.000000000000000000e+00
5.794489998246593158e-49 1.950000000000000000e+01 2.850000000000000000e+01 2.400000000000000000e+01 8.000000000000000000e+00
9.153469381345599840e-49 2.250000000000000000e+01 4.050000000000000000e+01 2.200000000000000000e+01 7.000000000000000000e+00
1.989120402164314704e-48 2.250000000000000000e+01 6.150000000000000000e+01 2.300000000000000000e+01 7.000000000000000000e+00
3.822674165640503882e-48 2.250000000000000000e+01 7.350000000000000000e+01 2.300000000000000000e+01 7.000000000000000000e+00
