8.483604206687067650e-44 1.500000000000000000e+00 7.500000000000000000e+00 3.846060000000000000e+05 1.282010000000000000e+05
5.493431530617105643e-44 4.500000000000000000e+00 1.050000000000000000e+01 2.234870000000000000e+05 7.449500000000000000e+04
1.534189652684855720e-44 1.050000000000000000e+01 1.650000000000000000e+01 4.394800000000000000e+04 1.464900000000000000e+04
1.022940637919941064e-44 3.450000000000000000e+01 4.050000000000000000e+01 6.334000000000000000e+03 2.111000000000000000e+03
3.979378874397969987e-45 6.450000000000000000e+01 7.050000000000000000e+01 1.283000000000000000e+03 4.270000000000000000e+02
3.744217958324491544e-45 8.550000000000000000e+01 9.150000000000000000e+01 7.760000000000000000e+02 2.580000000000000000e+02
5.424355692798600283e-45 9.750000000000000000e+01 1.095000000000000000e+02 1.225000000000000000e+03 4.080000000000000000e+02
9.201102383485653513e-45 1.065000000000000000e+02 1.185000000000000000e+02 1.086000000000000000e+03 3.610000000000000000e+02
2.080990775557429037e-44 1.155000000000000000e+02 1.275000000000000000e+02 9.740000000000000000e+02 3.240000000000000000e+02
4.022510158251684896e-44 1.185000000000000000e+02 1.305000000000000000e+02 9.420000000000000000e+02 3.130000000000000000e+02
