inf 9.750000000000000000e+02 9.750000000000000000e+02 inf 1.000000000000000000e+00
inf 9.750000000000000000e+02 9.750000000000000000e+02 inf 1.000000000000000000e+00
2.907947078257095259e-44 1.500000000000000000e+01 7.500000000000000000e+01 1.389100000000000000e+04 4.630000000000000000e+03
2.860113252600879042e-45 1.350000000000000000e+02 1.950000000000000000e+02 3.100000000000000000e+01 1.000000000000000000e+01
9.725187882723182815e-47 1.650000000000000000e+02 2.250000000000000000e+02 7.000000000000000000e+00 2.000000000000000000e+00
6.813160153272354500e-48 1.650000000000000000e+02 2.250000000000000000e+02 7.000000000000000000e+00 2.000000000000000000e+00
4.081733647382081659e-48 1.650000000000000000e+02 2.250000000000000000e+02 7.000000000000000000e+00 2.000000000000000000e+00
4.697802621891373111e-48 1.650000000000000000e+02 2.250000000000000000e+02 7.000000000000000000e+00 2.000000000000000000e+00
8.658498508351260654e-48 1.650000000000000000e+02 2.250000000000000000e+02 7.000000000000000000e+00 2.000000000000000000e+00
1.572488733990527817e-47 1.650000000000000000e+02 2.250000000000000000e+02 7.000000000000000000e+00 2.000000000000000000e+00
