8.656048983535940909e-44 1.500000000000000000e+00 7.500000000000000000e+00 1.025479000000000000e+06 3.418260000000000000e+05
5.622586676474254864e-44 4.500000000000000000e+00 1.050000000000000000e+01 6.003350000000000000e+05 2.001110000000000000e+05
1.449325116548892714e-44 1.050000000000000000e+01 1.650000000000000000e+01 1.168035527915372513e+05 3.893401760038960492e+04
1.441035552670170256e-46 6.750000000000000000e+01 7.950000000000000000e+01 9.149803023465073792e+00 2.590647098158690653e+00
6.277123277675975513e-48 7.350000000000000000e+01 1.005000000000000000e+02 8.452962352524023615e+00 2.361673413565886115e+00
1.437932773303101406e-48 7.950000000000000000e+01 1.125000000000000000e+02 7.667549557365991753e+00 2.104298075930620904e+00
1.443071512020888138e-48 8.250000000000000000e+01 1.215000000000000000e+02 7.952560534681521354e+00 2.197596029755506386e+00
2.122119692361290333e-48 8.550000000000000000e+01 1.305000000000000000e+02 8.314081159221865747e+00 2.316103405656041225e+00
4.479339192475786736e-48 8.550000000000000000e+01 1.365000000000000000e+02 9.082219801421487659e+00 2.568418277320174248e+00
8.487607801031472373e-48 8.850000000000000000e+01 1.395000000000000000e+02 8.747252493959903674e+00 2.458310820441808264e+00
