8.838363543033704286e-44 1.500000000000000000e+00 7.500000000000000000e+00 1.025479000000000000e+06 3.418260000000000000e+05
5.739045360546593333e-44 4.500000000000000000e+00 1.050000000000000000e+01 6.003350000000000000e+05 2.001110000000000000e+05
1.491780867204986568e-44 1.050000000000000000e+01 1.650000000000000000e+01 1.168040000000000000e+05 3.893400000000000000e+04
2.170475902651474423e-46 6.750000000000000000e+01 7.650000000000000000e+01 8.000000000000000000e+00 2.000000000000000000e+00
7.100771259736143877e-48 7.050000000000000000e+01 1.005000000000000000e+02 1.000000000000000000e+01 3.000000000000000000e+00
1.474912667825768069e-48 7.950000000000000000e+01 1.125000000000000000e+02 8.000000000000000000e+00 2.000000000000000000e+00
1.459143668059520444e-48 8.250000000000000000e+01 1.215000000000000000e+02 8.000000000000000000e+00 2.000000000000000000e+00
2.136497565328075584e-48 8.550000000000000000e+01 1.305000000000000000e+02 8.000000000000000000e+00 2.000000000000000000e+00
4.498521930307010736e-48 8.550000000000000000e+01 1.365000000000000000e+02 9.000000000000000000e+00 3.000000000000000000e+00
8.519236614544054237e-48 8.550000000000000000e+01 1.395000000000000000e+02 9.000000000000000000e+00 3.000000000000000000e+00
