inf 9.750000000000000000e+02 9.750000000000000000e+02 inf 1.000000000000000000e+00
inf 9.750000000000000000e+02 9.750000000000000000e+02 inf 1.000000000000000000e+00
2.741140455598530392e-44 1.500000000000000000e+01 7.500000000000000000e+01 4.862100000000000000e+04 1.620600000000000000e+04
2.493268200139272626e-45 1.350000000000000000e+02 1.950000000000000000e+02 3.100000000000000000e+01 1.000000000000000000e+01
8.002532758361104025e-47 1.650000000000000000e+02 2.250000000000000000e+02 7.000000000000000000e+00 2.000000000000000000e+00
6.454875183226662489e-48 1.650000000000000000e+02 2.250000000000000000e+02 7.000000000000000000e+00 2.000000000000000000e+00
3.992907163730370084e-48 1.650000000000000000e+02 2.250000000000000000e+02 7.000000000000000000e+00 2.000000000000000000e+00
4.639133801744999478e-48 1.650000000000000000e+02 2.250000000000000000e+02 7.000000000000000000e+00 2.000000000000000000e+00
8.584427618702431816e-48 1.650000000000000000e+02 2.250000000000000000e+02 7.000000000000000000e+00 2.000000000000000000e+00
1.560767683572385749e-47 1.650000000000000000e+02 2.250000000000000000e+02 7.000000000000000000e+00 2.000000000000000000e+00
