8.656112571153168753e-44 1.500000000000000000e+00 7.500000000000000000e+00 1.025474000000000000e+06 3.418240000000000000e+05
5.622632714403431975e-44 4.500000000000000000e+00 1.050000000000000000e+01 6.003320000000000000e+05 2.001100000000000000e+05
1.449328884388699377e-44 1.050000000000000000e+01 1.650000000000000000e+01 1.168020197151300526e+05 3.893350657492057508e+04
1.565744315167181555e-46 6.750000000000000000e+01 7.950000000000000000e+01 9.943004088242659577e+00 2.851837477809087140e+00
7.188754898123409142e-48 7.050000000000000000e+01 1.005000000000000000e+02 1.186410155893762308e+01 3.486183161883978254e+00
1.628717793251258376e-48 7.950000000000000000e+01 1.155000000000000000e+02 9.154125933594693620e+00 2.592069095248374033e+00
1.598676115452545096e-48 8.550000000000000000e+01 1.275000000000000000e+02 8.749273287889641537e+00 2.458974729834252582e+00
2.326481117085633029e-48 8.850000000000000000e+01 1.335000000000000000e+02 8.711515316695230382e+00 2.446570494528164996e+00
4.874094487088001666e-48 8.850000000000000000e+01 1.425000000000000000e+02 9.896497378568597014e+00 2.836509492868509952e+00
9.214757764329521774e-48 8.850000000000000000e+01 1.455000000000000000e+02 1.027954018123325319e+01 2.962801472436715766e+00
