inf 9.750000000000000000e+02 9.750000000000000000e+02 inf 1.000000000000000000e+00
inf 9.750000000000000000e+02 9.750000000000000000e+02 inf 1.000000000000000000e+00
3.106849502983888401e-44 1.500000000000000000e+01 1.350000000000000000e+02 1.870000000000000000e+02 6.200000000000000000e+01
2.990601628608563368e-45 1.050000000000000000e+02 1.650000000000000000e+02 7.500000000000000000e+01 2.400000000000000000e+01
9.367033163442661405e-47 1.350000000000000000e+02 1.950000000000000000e+02 1.500000000000000000e+01 5.000000000000000000e+00
7.111957582281101062e-48 1.650000000000000000e+02 2.250000000000000000e+02 7.000000000000000000e+00 2.000000000000000000e+00
4.215104019405252927e-48 1.650000000000000000e+02 2.250000000000000000e+02 7.000000000000000000e+00 2.000000000000000000e+00
4.824512706636576861e-48 1.650000000000000000e+02 2.250000000000000000e+02 7.000000000000000000e+00 2.000000000000000000e+00
8.864195292993271797e-48 1.650000000000000000e+02 2.250000000000000000e+02 7.000000000000000000e+00 2.000000000000000000e+00
1.608238879819490621e-47 1.650000000000000000e+02 2.250000000000000000e+02 7.000000000000000000e+00 2.000000000000000000e+00
