inf 9.750000000000000000e+02 9.750000000000000000e+02 inf 1.000000000000000000e+00
inf 9.750000000000000000e+02 9.750000000000000000e+02 inf 1.000000000000000000e+00
2.897088591607258648e-44 1.500000000000000000e+01 7.500000000000000000e+01 4.862329288549762714e+04 1.620726430287822950e+04
2.884436062115356894e-45 1.350000000000000000e+02 1.950000000000000000e+02 3.169193564016176268e+01 1.007580459045895971e+01
9.867396671759871747e-47 1.650000000000000000e+02 2.250000000000000000e+02 7.559698575943662568e+00 2.069025811018744054e+00
6.913557754211306919e-48 1.650000000000000000e+02 2.250000000000000000e+02 7.559698575943662568e+00 2.069025811018744054e+00
4.141924237906040578e-48 1.650000000000000000e+02 2.250000000000000000e+02 7.559698575943663457e+00 2.069025811018744054e+00
4.767095863343284564e-48 1.650000000000000000e+02 2.250000000000000000e+02 7.559698575943662568e+00 2.069025811018744054e+00
8.786229221344848628e-48 1.650000000000000000e+02 2.250000000000000000e+02 7.559698575943663457e+00 2.069025811018744054e+00
1.595687107716935274e-47 1.650000000000000000e+02 2.250000000000000000e+02 7.559698575943662568e+00 2.069025811018744054e+00
