inf 9.750000000000000000e+02 9.750000000000000000e+02 inf 1.000000000000000000e+00
inf 9.750000000000000000e+02 9.750000000000000000e+02 inf 1.000000000000000000e+00
2.896997068352257351e-44 1.500000000000000000e+01 7.500000000000000000e+01 4.862100000000000000e+04 1.620600000000000000e+04
2.858963678144522919e-45 1.350000000000000000e+02 1.950000000000000000e+02 3.100000000000000000e+01 1.000000000000000000e+01
9.724876333842394921e-47 1.650000000000000000e+02 2.250000000000000000e+02 7.000000000000000000e+00 2.000000000000000000e+00
6.813059443754137316e-48 1.650000000000000000e+02 2.250000000000000000e+02 7.000000000000000000e+00 2.000000000000000000e+00
4.081694198647676040e-48 1.650000000000000000e+02 2.250000000000000000e+02 7.000000000000000000e+00 2.000000000000000000e+00
4.697769174644991370e-48 1.650000000000000000e+02 2.250000000000000000e+02 7.000000000000000000e+00 2.000000000000000000e+00
8.658449150516624073e-48 1.650000000000000000e+02 2.250000000000000000e+02 7.000000000000000000e+00 2.000000000000000000e+00
1.572480475768819989e-47 1.650000000000000000e+02 2.250000000000000000e+02 7.000000000000000000e+00 2.000000000000000000e+00
