inf	0	0	0	0
inf	0	0	0	0
3.190902505420056930e-44 1.500000000000000000e+01 7.500000000000000000e+01 4.862100000000000000e+04 1.620600000000000000e+04
3.362394131182285717e-45 1.050000000000000000e+02 1.650000000000000000e+02 5.440000000000000000e+02 1.810000000000000000e+02
1.211776213063159714e-46 1.350000000000000000e+02 1.950000000000000000e+02 3.100000000000000000e+01 1.000000000000000000e+01
7.579094213447748686e-48 1.650000000000000000e+02 2.250000000000000000e+02 7.000000000000000000e+00 2.000000000000000000e+00
4.277239593442542985e-48 1.650000000000000000e+02 2.250000000000000000e+02 7.000000000000000000e+00 2.000000000000000000e+00
4.826957483319239505e-48 1.650000000000000000e+02 2.250000000000000000e+02 7.000000000000000000e+00 2.000000000000000000e+00
8.822500644047804655e-48 1.650000000000000000e+02 2.250000000000000000e+02 7.000000000000000000e+00 2.000000000000000000e+00
1.598562695240074503e-47 1.650000000000000000e+02 2.250000000000000000e+02 7.000000000000000000e+00 2.000000000000000000e+00
