8.994360741014581663e-44 1.500000000000000000e+00 7.500000000000000000e+00 3.052880000000000000e+05 1.017620000000000000e+05
5.643373390196133019e-44 4.500000000000000000e+00 1.050000000000000000e+01 3.437780000000000000e+05 1.145920000000000000e+05
1.450486082886151527e-44 1.050000000000000000e+01 1.650000000000000000e+01 1.144590000000000000e+05 3.815200000000000000e+04
1.441035552670170256e-46 6.750000000000000000e+01 7.950000000000000000e+01 9.000000000000000000e+00 3.000000000000000000e+00
6.277123277675975513e-48 7.350000000000000000e+01 1.005000000000000000e+02 8.000000000000000000e+00 2.000000000000000000e+00
1.437932773303101406e-48 7.950000000000000000e+01 1.125000000000000000e+02 8.000000000000000000e+00 2.000000000000000000e+00
1.443071512020888138e-48 8.250000000000000000e+01 1.215000000000000000e+02 8.000000000000000000e+00 2.000000000000000000e+00
2.122119692361290333e-48 8.550000000000000000e+01 1.305000000000000000e+02 8.000000000000000000e+00 2.000000000000000000e+00
4.479339192475786736e-48 8.550000000000000000e+01 1.365000000000000000e+02 9.000000000000000000e+00 3.000000000000000000e+00
8.487607801031472373e-48 8.850000000000000000e+01 1.395000000000000000e+02 9.000000000000000000e+00 2.000000000000000000e+00
