inf 9.750000000000000000e+02 9.750000000000000000e+02 inf 1.000000000000000000e+00
3.770235402038133048e-43 1.500000000000000000e+01 7.500000000000000000e+01 4.804100000000000000e+04 1.601300000000000000e+04
3.580307380904715456e-44 1.500000000000000000e+01 7.500000000000000000e+01 4.804100000000000000e+04 1.601300000000000000e+04
1.117888917967874710e-44 1.500000000000000000e+01 7.500000000000000000e+01 4.804100000000000000e+04 1.601300000000000000e+04
6.650388511913815917e-45 7.500000000000000000e+01 1.350000000000000000e+02 1.183000000000000000e+04 3.943000000000000000e+03
4.881342411990393317e-45 1.050000000000000000e+02 1.650000000000000000e+02 5.407000000000000000e+03 1.802000000000000000e+03
6.445738961085052443e-45 1.350000000000000000e+02 1.950000000000000000e+02 3.502000000000000000e+03 1.167000000000000000e+03
1.019971273316873042e-44 1.350000000000000000e+02 1.950000000000000000e+02 3.502000000000000000e+03 1.167000000000000000e+03
2.232430757957148311e-44 1.350000000000000000e+02 1.950000000000000000e+02 3.502000000000000000e+03 1.167000000000000000e+03
4.276811572655450674e-44 1.350000000000000000e+02 1.950000000000000000e+02 3.502000000000000000e+03 1.167000000000000000e+03
