9.710964899190917235e-44 1.500000000000000000e+00 7.500000000000000000e+00 7.310000000000000000e+02 2.430000000000000000e+02
5.497043945543591520e-44 1.500000000000000000e+00 7.500000000000000000e+00 7.310000000000000000e+02 2.430000000000000000e+02
1.458981698466732130e-44 7.500000000000000000e+00 1.350000000000000000e+01 1.545500000000000000e+04 5.151000000000000000e+03
1.441035552670170256e-46 6.750000000000000000e+01 7.950000000000000000e+01 9.000000000000000000e+00 3.000000000000000000e+00
6.277123277675975513e-48 7.350000000000000000e+01 1.005000000000000000e+02 8.000000000000000000e+00 2.000000000000000000e+00
1.437932773303101406e-48 7.950000000000000000e+01 1.125000000000000000e+02 8.000000000000000000e+00 2.000000000000000000e+00
1.443071512020888138e-48 8.250000000000000000e+01 1.215000000000000000e+02 8.000000000000000000e+00 2.000000000000000000e+00
2.122119692361290333e-48 8.550000000000000000e+01 1.305000000000000000e+02 8.000000000000000000e+00 2.000000000000000000e+00
4.479339192475786736e-48 8.550000000000000000e+01 1.365000000000000000e+02 9.000000000000000000e+00 3.000000000000000000e+00
8.487607801031472373e-48 8.850000000000000000e+01 1.395000000000000000e+02 9.000000000000000000e+00 2.000000000000000000e+00
