8.563206159242596958e-44 1.500000000000000000e+00 7.500000000000000000e+00 1.025479000000000000e+06 3.418260000000000000e+05
5.562605138355178156e-44 4.500000000000000000e+00 1.050000000000000000e+01 6.003350000000000000e+05 2.001110000000000000e+05
1.428919375953292059e-44 1.050000000000000000e+01 1.650000000000000000e+01 1.168040000000000000e+05 3.893400000000000000e+04
1.183164033945604055e-46 7.050000000000000000e+01 8.250000000000000000e+01 7.000000000000000000e+00 2.000000000000000000e+00
5.878455023597492673e-48 7.350000000000000000e+01 1.005000000000000000e+02 8.000000000000000000e+00 2.000000000000000000e+00
1.421212592146955038e-48 7.950000000000000000e+01 1.125000000000000000e+02 8.000000000000000000e+00 2.000000000000000000e+00
1.436030574028898483e-48 8.250000000000000000e+01 1.245000000000000000e+02 8.000000000000000000e+00 2.000000000000000000e+00
2.116532779578139985e-48 8.550000000000000000e+01 1.305000000000000000e+02 8.000000000000000000e+00 2.000000000000000000e+00
4.473338285057371442e-48 8.550000000000000000e+01 1.365000000000000000e+02 9.000000000000000000e+00 3.000000000000000000e+00
8.478221787356565756e-48 8.850000000000000000e+01 1.395000000000000000e+02 9.000000000000000000e+00 2.000000000000000000e+00
