inf 8.550000000000000000e+02 8.550000000000000000e+02 inf 1.000000000000000000e+00
inf 8.550000000000000000e+02 8.550000000000000000e+02 inf 1.000000000000000000e+00
inf 8.550000000000000000e+02 8.550000000000000000e+02 inf 1.000000000000000000e+00
inf 8.550000000000000000e+02 8.550000000000000000e+02 inf 1.000000000000000000e+00
4.609258821174228578e-48 1.500000000000000000e+01 7.500000000000000000e+01 3.400000000000000000e+01 1.100000000000000000e+01
5.362308479680645525e-49 1.500000000000000000e+01 7.500000000000000000e+01 3.400000000000000000e+01 1.100000000000000000e+01
5.653313704152036104e-49 1.500000000000000000e+01 7.500000000000000000e+01 3.400000000000000000e+01 1.100000000000000000e+01
8.996799437255592882e-49 1.500000000000000000e+01 1.050000000000000000e+02 3.700000000000000000e+01 1.200000000000000000e+01
2.022250829004642687e-48 1.500000000000000000e+01 1.050000000000000000e+02 3.700000000000000000e+01 1.200000000000000000e+01
3.925401917369007436e-48 1.500000000000000000e+01 1.350000000000000000e+02 3.800000000000000000e+01 1.200000000000000000e+01
